0.14092
0.13443
0.95136
0.80392
0.56224
0.2024
0.15349
0.11778
0.11083
0.08064
0.07772
0.08163
0.08024
0.14921
0.2361
0.33992
0.19849
0.19714
0.19827
0.15643
0.15754
0.15662
0.15436
0.15419
0.14973
0.1468
0.14474
0.16496
0.14339
0.14714
0.0944
0.07188
0.06633
0.06568
0.06335
0.07446
0.07261
0.07165
0.07138
0.07177
0.13883
0.10525
0.16572
0.19342
0.19205
0.24178
0.24585
0.24609
0.23879
0.18689
0.16652
0.13815
0.23766
0.23314
0.18233
0.18268
0.18591
0.18885
0.23265
0.2353
0.2428
0.24698
0.24448
0.25109
0.24453
0.24665
0.24638
0.24823
0.24889
0.25295
0.24033
0.22918
0.17798
0.15509
0.15184
0.12751
0.1269
0.11128
0.09756
0.11014
0.09455
0.09359
0.0941
0.09282
0.13483
0.20798
0.20762
0.08804
0.08567
0.08655
0.1477
0.19677
0.19741
0.20419
0.20308
0.20257
0.25556
0.26142
0.10783
0.111
0.12167
0.20908
0.10278
0.10914
0.11484
0.085
0.11934
0.08315
0.13134
0.14677
0.05268
0.12713
0.15991
0.11747
0.16519
0.10755
0.09569
0.08492
0.05822
0.06198
0.37087
0.11548
0.08255
0.10852
0.10081
0.10492
0.2484
0.12861
0.08301
0.06942
0.12128
0.07708
0.0621
0.11768
0.19018
0.11151
0.11444
0.11813
0.07666
0.22052
0.25381
0.09856
0.16959
0.07515
0.12035
0.1601
0.06799
0.13383
0.1055
0.1147
0.06619
0.09627
0.09878
0.11077
0.10636
0.0969
0.10478
0.12911
0.12959
0.08759
0.07978
0.05144
0.07238
0.03925
0.09112
0.22161
0.07152
0.10102
0.0827
0.09544
0.07678
0.10783
0.11931
0.10168
0.2053
0.06949
0.11255
0.11085
0.15972
0.1783
0.21501
0.19645
0.0874
0.09936
0.07593
0.90567
0.23274
0.08035
0.11075
0.08588
0.07864
0.09219
0.07934
0.08313
0.09703
0.21513
0.09253
0.0897
0.0749
0.08294
0.08636
0.08507
0.09481
0.09143
0.14766
0.12727
0.11992
0.11513
0.11818
0.11852
0.14868
0.11387
0.12087
0.10809
0.12399
0.16101
0.20594
0.16275
0.1286
0.0753
0.12108
0.12679
0.11433
0.10808
0.12108
0.16454
0.10606
0.07727
0.11442
0.11178
0.11544
0.12438
0.15466
0.10316
0.12504
0.22053
0.16789
0.09916
0.10329
0.09644
0.16399
0.12108
0.15058
0.09763
0.08408
0.24582
0.22968
0.24593
0.25059
0.09459
0.08715
0.12516
0.07501
0.09391
0.16659
0.11301
0.14964
0.08533
0.18595
0.18599
0.08926
0.09629
0.09946
0.09802
0.08569
0.13284
0.18272
0.06922
0.03658
0.2112
0.22972
0.20463
0.11609
0.11386
0.09965
0.09116
0.08101
0.13216
0.15509
0.15509
0.08301
0.32969
0.65713
0.53289
0.52231
0.14504
0.16916
0.18024
0.19559
0.21683
0.23491
0.26595
0.43387
0.35807
0.44251
0.26675
0.26142
0.14092
0.13483
0.15962
0.22758
0.25796
0.25952
0.26219
0.2636
0.265
0.2671
0.2696
0.27114
0.27308
0.27447
0.27724
0.27805
0.28068
0.28162
0.2841
0.28517
0.28779
0.28871
0.29041
0.29231
-0.07035
0.31184
0.43214
0.09116
0.0
