9.5835
11.1393
3.1221
2.7847
2.8477
2.9925
10.54
10.7004
10.9653
11.9041
5.0526
4.5297
4.2395
4.4351
4.5214
4.6659
11.1421
11.948
5.6423
5.0396
4.6949
4.445
4.2659
4.1781
4.2702
4.2911
4.2601
4.3115
4.419
4.6906
4.9353
5.1411
5.051
5.321
11.7307
12.5115
6.4776
5.9867
5.4801
5.1774
5.0141
4.8793
4.7769
4.7694
4.8008
4.9358
5.063
5.2727
5.5211
5.534
5.6241
5.7131
5.9488
12.7281
6.9135
6.3153
5.785
5.7837
5.8096
5.829
5.8224
5.8597
6.2278
5.8738
5.9045
5.9183
5.9587
5.9521
5.9677
6.3325
5.9785
5.7139
5.5262
5.4059
5.3445
5.3083
5.3418
5.4732
5.5747
5.9605
6.1365
6.2018
6.3505
6.4003
3.2632
13.2839
3.155
7.0452
6.3742
6.2473
6.0327
5.8694
5.8149
5.8748
6.2813
6.3097
6.2912
2.868
3.11
3.4341
9.8419
3.1724
3.2367
10.5961
3.0965
3.5682
3.0701
9.8763
3.2622
3.1514
3.4528
3.2582
5.4122
4.8923
3.3269
2.9801
5.7409
3.4581
3.339
3.6488
2.9859
3.6027
3.4279
8.5633
3.2425
3.3338
5.9096
5.3594
3.7738
4.0653
4.1209
3.9388
5.2603
10.1537
4.7712
3.2647
3.3497
3.4762
3.5212
5.9046
6.2807
3.8201
4.7055
3.9464
3.1544
4.0348
4.0135
4.1849
3.3721
3.3311
3.9844
9.1043
3.3699
3.2415
9.438
3.372
4.2245
4.2057
4.3175
3.5183
4.8251
5.7976
4.7483
5.3555
5.8774
5.5347
5.3299
3.2687
3.9708
5.8476
4.0602
3.1649
3.1167
3.2267
3.1171
3.8382
3.1978
3.2156
3.3497
5.4666
5.447
6.2162
2.7961
3.2029
3.1667
2.358
6.2671
2.934
3.2093
3.4708
3.254
3.4319
3.7105
3.6404
3.4328
6.3787
9.5243
3.516
3.078
3.5341
3.4809
3.4636
3.391
3.4216
3.2274
3.4073
10.1575
3.125
3.0634
3.0333
2.7514
3.1834
2.9551
3.2504
5.3319
3.1997
5.9719
3.2459
3.3201
3.4659
3.0016
3.3262
3.3297
3.2514
3.0016
3.2999
3.4161
3.8551
3.3309
3.1115
3.1865
4.0532
4.2506
3.3793
3.1017
6.1088
4.6463
8.7878
3.5529
3.2915
3.3148
2.9915
3.1272
3.7911
4.0029
5.6139
5.3437
5.6166
5.9342
3.3546
3.7178
6.0572
4.1892
3.6502
3.368
3.1526
3.2639
3.4698
4.6619
6.3009
3.4354
3.5087
9.95
9.3529
3.9522
3.3026
4.6148
3.6242
5.9881
6.0247
6.121
5.9605
3.2032
3.1059
3.5943
3.5017
10.5962
3.2698
5.4059
5.4059
3.7738
2.8438
4.518
3.9996
3.9471
4.105
4.6345
4.8776
5.2146
5.6468
5.9674
6.4396
3.4513
3.0093
3.5017
6.4507
2.868
9.5835
3.2632
4.425
5.842
6.3262
6.3488
6.3868
6.4068
6.4264
6.4555
6.4898
6.5105
6.5365
6.5549
6.5913
6.6019
6.6357
6.6477
6.6791
6.6925
6.7249
6.7363
6.7571
6.78
13.8662
7.0039
8.0292
3.5017
0.0
