19.2
41.8
40.0
63.7
76.0
78.0
82.0
95.0
115.0
137.0
149.0
156.0
166.0
173.0
173.0
180.0
174.0
188.0
190.0
191.0
216.0
233.0
245.0
257.0
272.0
286.0
297.0
311.0
322.0
330.0
334.0
350.0
347.0
348.0
343.0
352.0
363.0
366.0
379.0
393.0
417.0
424.0
428.0
441.0
449.0
470.0
470.0
469.0
488.0
488.0
487.0
485.0
491.0
482.0
488.0
491.0
501.0
523.0
535.0
546.0
560.0
574.0
580.0
591.0
614.0
628.0
650.0
658.0
674.0
684.0
694.0
705.0
718.0
727.0
736.0
746.0
757.0
790.0
790.0
800.0
810.0
823.0
823.0
830.0
21.8
794.0
78.0
826.0
841.0
847.0
878.0
890.0
902.0
921.0
934.0
939.0
952.0
78.0
65.1
64.2
58.2
71.4
63.2
85.7
71.9
145.2
63.2
53.7
66.2
69.5
85.9
72.4
375.9
285.7
63.4
93.2
534.1
75.2
91.9
106.4
84.7
99.6
73.3
48.3
59.9
86.8
539.3
468.3
136.4
166.0
176.1
152.3
395.0
85.0
166.3
77.6
74.6
87.0
76.7
440.7
553.1
89.1
156.0
135.2
56.4
106.5
103.3
111.9
60.0
66.6
98.6
45.4
62.9
69.3
50.7
73.3
227.3
261.0
248.6
76.4
143.0
284.9
126.6
210.5
293.5
493.3
384.9
74.8
134.0
526.4
145.4
77.2
73.3
72.6
75.0
129.7
54.4
54.0
79.6
439.7
421.2
766.7
55.5
87.9
94.0
36.5
485.1
73.6
94.6
75.3
67.9
118.0
134.3
143.8
108.3
684.5
41.7
67.6
60.9
75.1
75.3
74.7
74.3
74.2
68.4
75.8
84.9
64.3
63.9
63.2
61.6
54.7
55.9
53.6
331.0
64.7
746.5
69.6
73.1
81.7
57.4
78.7
74.0
77.4
57.4
68.7
99.1
120.7
73.7
69.7
67.2
108.2
134.3
88.8
67.7
431.9
189.9
47.1
52.0
61.1
66.2
56.5
59.8
93.0
139.2
486.6
398.4
487.1
543.5
72.7
125.0
452.0
148.8
114.6
67.7
77.5
71.7
75.0
159.2
690.3
72.3
74.9
61.2
59.5
179.5
62.5
148.1
81.2
354.4
752.0
862.0
720.6
72.8
67.7
98.6
75.0
71.6
61.8
727.0
727.0
136.4
21.8
41.8
82.0
95.0
115.0
137.0
174.0
188.0
343.0
352.0
482.0
85.0
21.8
71.6
139.2
78.0
19.2
21.8
175.3
600.7
966.0
980.0
994.0
1007.0
1020.0
1034.0
1047.0
1061.0
1074.0
1087.0
1102.0
1115.0
1129.0
1143.0
1156.0
1171.0
1185.0
1199.0
1213.0
1227.0
1242.0
825.0
827.0
75.0
115.0
