5.7273
5.8347
2.4993
2.4339
2.4512
3.0036
3.2125
3.2913
3.2962
3.5771
3.6452
3.6166
3.6345
3.2546
2.9158
2.6456
2.9702
2.9618
2.9233
3.0745
3.0517
3.0302
3.0163
2.9896
2.9796
2.9632
2.9502
2.843
2.9044
2.8652
3.1314
3.3306
3.4176
3.4317
3.467
3.4051
3.4177
3.4435
3.4585
3.4533
3.093
3.2549
2.9738
2.8707
2.8633
2.7239
2.6899
2.6772
2.7144
2.8576
2.9319
3.0354
2.7276
2.7414
2.8866
2.8906
2.8828
2.8592
2.7331
2.705
2.6674
2.6403
2.6245
2.5977
2.6056
2.5849
2.5726
2.5573
2.5469
2.5141
2.5643
2.6155
2.7623
2.8447
2.8627
2.9608
2.9658
3.0417
3.1101
3.0519
3.145
3.1608
3.1671
3.183
5.6249
2.7409
2.9532
3.2454
3.2683
3.261
2.9845
2.8171
2.8082
2.7679
2.7615
2.7579
3.0
2.8697
3.4442
3.4047
3.4277
3.0271
3.4817
3.3994
3.3526
3.5458
3.4098
3.6464
3.3434
3.2831
3.7365
3.347
2.8867
3.0427
3.2174
3.4927
3.0781
3.5406
3.6419
3.5919
2.8076
3.3832
3.5585
3.4884
3.5139
3.4344
2.6665
2.915
3.412
3.5263
3.1936
3.4495
3.2649
3.3227
3.0116
3.381
3.3738
3.3237
3.5607
2.728
2.6657
3.3797
3.0627
3.5467
3.4278
3.0836
3.525
3.1675
3.4586
3.371
3.5708
3.6095
3.4834
3.4098
3.5387
3.455
3.1313
3.024
3.0168
3.4923
3.4626
3.5565
3.5551
3.7194
3.1658
2.63
3.3356
3.4418
3.5224
3.074
3.5381
3.3946
3.3254
3.4481
3.0186
3.5134
3.4885
3.5027
3.1921
2.8457
2.7298
2.7299
3.7534
3.5417
3.7478
2.5849
2.7146
3.7878
3.4389
3.5353
3.6412
3.5003
3.6485
3.5968
3.4893
2.7264
3.6257
3.5477
3.6823
3.6061
3.533
3.5383
3.4699
3.4982
3.2654
3.3091
3.3318
3.4044
3.3826
3.3912
3.2576
3.4776
3.4288
3.5265
3.0094
3.2393
2.6522
3.1975
3.3288
3.5441
3.4292
3.3076
3.3836
3.4002
3.4292
3.2224
3.4046
3.5085
3.3762
3.3893
3.3983
3.2104
3.102
3.42
3.3326
2.7558
3.0121
3.592
3.562
3.5415
3.1977
3.4296
3.2879
3.3632
3.5064
2.682
2.7041
2.6814
2.6572
3.4643
3.5638
3.0398
3.6943
3.5097
3.2168
3.363
3.2685
3.5428
3.0156
2.769
3.511
3.4371
3.4708
3.5159
3.3267
3.3558
3.0137
3.6302
3.5134
2.6577
2.6169
2.6711
3.3461
3.3774
3.4556
3.4773
3.5901
3.3564
2.8447
2.8447
3.412
3.0
3.0
3.0
3.0
3.0
3.0
3.0
3.0
3.0
3.0
3.0
3.0
3.0
3.0
3.0
2.8697
5.7273
5.6249
3.0
3.0
3.0
3.0
3.0
3.0
3.0
3.0
3.0
3.0
3.0
3.0
3.0
3.0
3.0
3.0
3.0
3.0
3.0
3.0
3.0
3.0
3.0
3.0
3.0
3.4773
0.0
