8.3748e-05
0.00016632
0.534
1.848
2.37
2.0
0.0011653
0.0013315
0.0015803
0.00083851
0.971
1.74
2.6989
2.33
2.2
2.0
0.0029947
0.001662
0.862
1.55
2.989
4.54
6.11
7.18
7.44
7.874
8.9
8.902
8.96
7.133
5.904
5.323
5.73
4.5
0.0070722
0.0034783
1.532
2.54
4.469
6.506
8.57
10.22
11.5
12.41
12.41
12.02
10.5
8.65
7.31
7.31
6.691
6.24
4.93
0.0054854
1.873
3.5
6.154
6.657
6.71
6.9
7.22
7.46
5.243
7.9004
8.229
8.55
8.795
9.066
9.321
6.73
9.84
13.31
16.654
19.3
21.02
22.57
22.42
21.45
19.32
13.546
11.72
11.35
9.747
9.32
0.06
0.0090662
1.7
5.0
10.07
11.72
15.37
18.95
20.25
19.84
13.67
13.51
0.0
2.265
1.127
0.7899
0.0010967
1.35
0.92
0.0012048
1.42
3.97
1.1
0.00082602
1.0235
1.283
1.45
1.25
4.89
4.5
0.87865
3.01
7.13
1.06
1.85
1.85
2.52
1.812
1.03
0.0024934
0.8098
1.76
6.2
7.9
2.8
3.18
3.3
2.96
6.062
0.0018421
1.594
1.42
1.2
1.49
1.03
4.115
4.51
1.1058
1.4832
2.3
0.779
1.3048
1.2199
1.2351
0.71378
0.9487
1.1014
0.0012532
0.7893
1.13
0.001175
1.1
5.2
7.15
5.7
1.024
1.12
1.8
0.95
1.5
1.8
7.44
5.31
1.2914
2.23
6.22
2.4
1.54
1.46
1.2613
1.58
2.32
0.68376
0.6603
1.42
6.28
5.86
9.53
1.178
2.11
2.635
0.82
3.494
2.013
2.44
1.05
1.05
2.958
3.0
3.58
2.53
6.36
0.00066715
0.7914
0.99
1.0
1.04
1.04
1.11
1.07
1.145
1.1987
0.0018309
1.08
1.14
1.14
1.425
0.7026
0.93
0.6262
3.815
1.032
11.46
1.17
1.2
1.3
0.94
1.4
1.19
1.425
0.94
1.06
2.2
2.1
1.19
1.3
1.12
1.3
1.7
1.76
1.25
3.13
2.32
0.0018794
0.43
0.8035
0.9819
0.92
0.92
1.23
2.32
6.473
5.56
6.47
6.01
1.1
2.532
3.667
2.27
2.261
0.9707
1.5805
1.234
1.04
1.625
7.004
1.0
1.0
0.0010641
0.0018263
4.26
0.8669
1.46
1.07
2.4
11.28
13.63
10.96
1.323
1.23
1.8
1.0
0.00075618
0.87
19.3
19.3
2.65
0.06
0.1249
0.807
1.141
1.507
1.204
1.574
1.396
3.1028
2.418
2.953
1.563
0.06
1.0
0.2
2.265
0.00018
0.1432
2.17
8.39
0.0
0.0
0.0
0.0
0.0
0.0
0.0
0.0
0.0
0.0
0.0
0.0
0.0
0.0
0.0
0.0
0.0
0.0
0.0
0.0
0.012
0.0
1.87
1.0
0.00378
