1.8639
2.2017
0.1304
0.0592
0.0305
-0.0351
1.7378
1.7541
1.8433
2.0735
0.288
0.1499
0.1708
0.2014
0.1696
0.158
1.5555
1.7635
0.3851
0.3228
0.164
0.0957
0.0691
0.034
0.0447
-0.0012
-0.0187
-0.0566
-0.0254
0.0049
0.2267
0.3376
0.1767
0.2258
1.5262
1.7158
0.5737
0.4585
0.3608
0.2957
0.1785
0.2267
0.0949
0.0599
0.0576
0.0563
0.0657
0.1281
0.2406
0.2879
0.3189
0.3296
0.0549
1.563
0.5473
0.419
0.3161
0.2713
0.2333
0.1984
0.1627
0.152
0.1888
0.1058
0.0947
0.0822
0.0761
0.0648
0.0812
0.1199
0.156
0.1965
0.2117
0.2167
0.0559
0.0891
0.0819
0.1484
0.2021
0.2756
0.3491
0.3776
0.4152
0.4267
0.4759
1.5368
0.048
0.5991
0.4559
0.4202
0.3144
0.226
0.1869
0.1557
0.2274
0.2484
0.5509
-0.0178
0.1329
0.2197
1.6017
0.1295
0.1827
1.7418
0.1354
0.0402
0.1335
1.6822
0.1618
0.1146
0.1252
0.1471
-0.0098
-0.0128
0.171
0.0241
0.0456
0.2239
0.0944
0.1161
0.0093
0.1843
0.2206
1.3788
0.1937
0.151
0.0438
0.0123
0.0492
0.0676
-0.0172
0.0587
0.0323
1.6294
0.1773
0.158
0.1794
0.1897
0.2363
0.0084
0.0395
0.1714
0.1786
0.1301
0.1728
0.1587
0.1773
0.1375
0.2231
0.1977
0.2021
1.5107
0.2218
0.1683
1.5528
0.207
-0.0074
-0.0988
-0.0279
0.2378
0.3035
0.3406
0.3659
0.3522
0.2847
-0.1774
0.1764
0.1709
0.1479
0.0614
0.1237
0.1411
0.1347
0.1653
0.1163
0.0995
0.1928
0.1984
0.1509
-0.035
-0.0906
0.0356
0.0198
0.0551
0.0171
-0.0988
0.0892
-0.0511
0.0737
0.2261
0.1523
0.086
0.1369
0.0575
0.1147
0.104
1.6263
0.2529
0.1371
0.1997
0.2282
0.2249
0.2098
0.2187
0.1374
0.1777
1.6477
0.1503
0.1336
0.1304
0.0678
0.1882
0.1289
0.2086
0.1009
0.1464
-0.2311
0.1504
0.1606
0.1238
0.137
0.1562
0.1824
0.1584
0.137
0.1647
0.1648
0.1714
0.1769
0.1401
0.1555
0.1559
0.1314
0.1717
0.1324
0.1044
0.048
1.4326
0.2861
0.2046
0.167
0.1347
0.1512
0.1501
0.1385
0.0352
-0.0139
0.0353
0.0148
0.2019
0.1287
0.1203
0.1652
0.1534
0.1734
0.1341
0.1322
0.2274
0.1713
0.0705
0.2211
0.2377
1.6442
1.5139
-0.0119
0.1722
0.1803
0.2054
0.302
-0.2191
-0.2524
-0.1938
0.1603
0.1441
0.2106
0.24
1.7952
0.1695
0.2167
0.2167
0.0492
0.2
0.4729
0.3039
0.2868
0.2
0.2
0.2
0.2
0.3408
0.4454
0.5993
0.2
0.2
0.2
0.6029
-0.0178
1.8639
0.4759
0.2
0.4045
0.5623
0.5697
0.5821
0.5886
0.595
0.6045
0.6157
0.6224
0.6309
0.6369
0.6488
0.6522
0.6632
0.6672
0.6774
0.6818
0.6923
0.696
0.7028
0.7103
2.0204
0.7833
1.1175
0.24
0.0
