3.2718
3.6122
1.6397
1.6922
1.9688
2.486
4.1323
4.3213
4.4096
4.6421
3.1962
3.0668
3.0127
2.8715
2.7815
2.7159
4.2994
4.4855
3.1724
3.1191
3.0593
3.0386
3.0322
3.0451
3.1074
3.1531
3.179
3.1851
3.2792
3.3668
3.5434
3.6096
3.5702
3.6264
4.9899
5.0748
3.7995
3.6778
3.5542
3.489
3.2201
3.2784
3.1253
3.0834
3.1069
3.0555
3.1074
3.1667
3.2032
3.2959
3.3489
3.4418
3.2596
4.7371
3.5914
3.4547
3.3293
3.3432
3.2773
3.3063
3.3199
3.346
3.4633
3.3932
3.4224
3.4474
3.4782
3.4922
3.5085
3.6246
3.5218
3.4337
3.4805
3.496
3.4845
3.5414
3.548
3.6212
3.6979
3.7275
3.8044
3.8073
3.8248
3.8293
1.9215
4.9889
2.5387
3.9428
3.7966
3.7681
3.5079
3.3721
3.369
3.3981
3.5021
3.516
3.0
2.3415
2.6234
2.6928
4.0074
2.4219
2.653
4.2759
2.6336
2.8665
2.561
4.1158
2.5805
2.5213
3.042
2.6055
3.3871
3.4069
2.5091
2.5846
3.7816
2.8017
3.0201
3.0919
2.1006
2.7379
2.8021
3.7524
2.6439
2.7083
3.2836
3.5941
3.0549
3.1683
3.0171
3.1229
3.8932
4.1825
2.9165
2.6778
2.6809
2.7253
2.8769
3.3374
3.3353
2.9272
2.9581
3.0466
2.5549
2.8276
3.1586
2.9529
2.6745
2.6686
3.1263
3.8743
2.7052
2.6527
3.9327
2.7446
3.2573
3.1749
3.2002
2.8254
3.2659
3.7956
3.2337
3.7554
3.728
3.4045
3.642
2.7058
2.9933
3.8146
3.0649
2.67
2.6301
2.6862
2.4296
3.1206
2.5706
2.5757
2.5631
3.3288
3.2664
3.5456
2.5152
2.6598
2.7049
1.4515
3.3702
2.5874
2.6502
2.8001
2.7529
2.7997
2.863
2.858
2.7635
3.4728
3.9716
2.7639
2.7145
2.8033
2.7999
2.8032
2.755
2.768
2.5429
2.663
4.1565
2.6004
2.5834
2.5681
2.4281
2.5664
2.5084
2.5855
3.4866
2.4855
3.5554
2.5159
2.6225
2.9241
2.5177
2.6507
2.6681
2.6838
2.5177
2.5031
2.7404
3.0265
2.6747
2.6315
2.6186
2.9415
2.9009
2.7375
2.5867
3.3442
3.011
3.7998
2.6568
2.6681
2.5245
2.5154
2.4815
2.9461
3.0025
3.2109
3.2022
3.2117
3.2908
2.7526
2.8591
3.592
2.9793
2.8221
2.5142
2.6558
2.5429
2.7988
2.9083
3.5716
2.7799
2.7908
4.1399
3.9916
3.1647
2.5728
2.914
2.9428
4.2602
3.5208
3.4941
3.5292
2.6525
2.6227
2.7874
2.8004
4.3437
2.5675
3.496
3.496
3.0549
2.0
2.0
2.0
2.0
3.0
3.0
3.0
3.0
3.0
3.0
3.0
2.0
2.0
2.0
3.0
2.3415
3.2718
1.9215
3.0
3.0
3.0
3.0
3.0
3.0
3.0
3.0
3.0
3.0
3.0
3.0
3.0
3.0
3.0
3.0
3.0
3.0
3.0
3.0
3.0
3.0
-1.9972
3.0
3.0
2.8004
0.0
