0.99212
0.49967
0.43221
0.44384
0.46249
0.49955
0.49976
0.50002
0.47372
0.49555
0.47847
0.49373
0.48181
0.49848
0.48428
0.49899
0.47951
0.45059
0.48595
0.49903
0.46712
0.45961
0.4515
0.46157
0.45506
0.46557
0.45815
0.47706
0.45636
0.45886
0.44462
0.44053
0.44046
0.4306
0.43803
0.4296
0.43291
0.43369
0.43867
0.43848
0.4413
0.43768
0.43919
0.43534
0.43729
0.43225
0.43572
0.427
0.42676
0.42119
0.41886
0.40752
0.41764
0.41129
0.41383
0.40779
0.41035
0.41394
0.41871
0.41597
0.42094
0.41234
0.41457
0.407
0.409
0.40615
0.40623
0.40656
0.40844
0.4045
0.40579
0.40338
0.40343
0.40252
0.40278
0.39952
0.40059
0.39983
0.40108
0.39882
0.39631
0.39575
0.39717
0.40195
0.99212
0.38736
0.49955
0.38934
0.39202
0.38787
0.39388
0.38651
0.39233
0.38514
0.39085
0.38855
0.3926
0.49955
0.54903
0.55097
0.53768
0.51903
0.55947
0.49919
0.53976
0.49038
0.55179
0.59719
0.53699
0.5274
0.5274
0.52792
0.42207
0.44561
0.53769
0.47979
0.42065
0.54995
0.5301
0.5213
0.47059
0.49839
0.55423
0.59497
0.56663
0.49969
0.41665
0.42747
0.49955
0.4967
0.49929
0.4995
0.43761
0.49989
0.49107
0.5304
0.53279
0.51424
0.55279
0.42132
0.41569
0.51529
0.48585
0.50274
0.57034
0.50339
0.51744
0.50526
0.56663
0.54724
0.53757
0.59861
0.56437
0.54405
0.57034
0.54977
0.47592
0.46507
0.47323
0.55329
0.47969
0.44901
0.47966
0.45665
0.43997
0.42266
0.44247
0.53973
0.49707
0.42101
0.49731
0.53499
0.53371
0.54292
0.51612
0.51113
0.57992
0.5902
0.51264
0.42599
0.42706
0.40323
0.52257
0.4972
0.46262
0.50321
0.41939
0.46952
0.48487
0.54965
0.55512
0.49814
0.48153
0.49622
0.49014
0.40933
0.62334
0.56176
0.56479
0.53886
0.54938
0.55005
0.54828
0.55014
0.53053
0.51986
0.49985
0.55063
0.5479
0.55236
0.55649
0.57778
0.57275
0.58212
0.45453
0.54141
0.40583
0.52767
0.52697
0.52518
0.57034
0.52037
0.53937
0.53287
0.55998
0.53768
0.47992
0.48081
0.53432
0.5448
0.54537
0.51201
0.49513
0.49973
0.53984
0.43373
0.48834
0.58962
0.58962
0.56577
0.53096
0.57034
0.55785
0.51956
0.4993
0.4367
0.44655
0.43663
0.42594
0.54932
0.49062
0.42697
0.48404
0.49415
0.5326
0.5317
0.52148
0.55108
0.48241
0.40861
0.55121
0.54975
0.54993
0.55027
0.47572
0.54265
0.4871
0.538
0.42976
0.39687
0.39194
0.39996
0.53284
0.54632
0.48585
0.55509
0.55509
0.54631
0.40594
0.40915
0.5
0.99212
0.49967
0.49976
0.50002
0.47372
0.49555
0.47951
0.45059
0.43803
0.4296
0.41129
0.49989
0.99212
0.55509
0.50093
0.49955
0.4965
0.4965
0.55509
0.41315
0.39031
0.39273
0.38896
0.39132
0.39367
0.39296
0.38934
0.39161
0.39095
0.3961
0.40129
0.39471
0.39123
0.3962
0.39274
0.39764
0.39421
0.39904
0.39563
0.39796
0.40107
0.40479
0.3901
0.55509
0.47721
